1 2 1
1 2 1
1 3 1
1 3 2
1 3 2
1 2 1
1 4 1
1 4 2
1 4 3
1 4 3
1 2 1
1 3 2
1 5 1
1 5 2
1 5 3
1 5 4
1 5 4
1 2 1
1 3 2
1 4 3
1 6 1
1 6 2
1 6 3
1 6 4
1 6 5
1 6 5
1 2 1
1 3 2
1 4 3
1 5 4
1 7 1
1 7 2
1 7 3
1 7 4
1 7 5
1 7 6
1 7 6
1 2 1
1 3 2
1 4 3
1 5 4
1 6 5
1 8 1
1 8 2
1 8 3
1 8 4
1 8 5
1 8 6
1 8 7
1 8 7
1 2 1
1 3 2
1 4 3
1 5 4
1 6 5
1 7 6
1 9 1
1 9 2
1 9 3
1 9 4
1 9 5
1 9 6
1 9 7
1 9 8
1 9 8
1 2 1
1 3 2
1 4 3
1 5 4
1 6 5
1 7 6
1 8 7
1 10 1
1 10 2
1 10 3
1 10 4
1 10 5
1 10 6
1 10 7
1 10 8
1 10 9
1 10 9
1 2 1
1 3 2
1 4 3
1 5 4
1 6 5
1 7 6
1 8 7
1 9 8
1 11 1
1 11 2
1 11 3
1 11 4
1 11 5
1 11 6
1 11 7
1 11 8
1 11 9
1 11 10
1 11 10
1 2 1
1 3 2
1 4 3
1 5 4
1 6 5
1 7 6
1 8 7
1 9 8
1 10 9
1 12 1
1 12 2
1 12 3
1 12 4
1 12 5
1 12 6
1 12 7
1 12 8
1 12 9
1 12 10
1 12 11
1 12 11
-1 1 11
-1 1 10
-1 1 9
-1 1 8
-1 1 7
-1 1 6
-1 1 5
-1 1 4
-1 1 3
-1 1 2
-1 1 10
1 3 2
1 4 3
1 5 4
1 6 5
1 7 6
1 8 7
1 9 8
1 10 9
1 11 10
1 13 1
1 13 2
1 13 3
1 13 4
1 13 5
1 13 6
1 13 7
1 13 8
1 13 9
1 13 10
1 13 11
1 13 12
1 13 12
-1 2 12
1 2 1
-1 2 11
-1 2 10
-1 2 9
-1 2 8
-1 2 7
-1 2 6
-1 2 5
-1 2 4
-1 2 3
-1 2 11
1 2 1
1 4 3
1 5 4
1 6 5
1 7 6
1 8 7
1 9 8
1 10 9
1 11 10
1 12 11
1 5 1
1 5 2
1 5 3
1 5 4
-1 5 13
-1 5 12
-1 5 11
-1 5 10
-1 5 9
-1 5 8
-1 5 7
-1 5 6
1 5 4
1 7 6
1 8 7
1 9 8
1 10 9
1 11 10
1 12 11
1 13 12
1 2 1
1 3 2
1 4 3
1 5 1
1 5 2
1 5 3
1 5 4
-1 5 13
-1 5 12
-1 5 11
-1 5 10
-1 5 9
-1 5 8
-1 5 7
-1 5 6
-1 5 13
1 5 4
1 7 6
1 8 7
1 9 8
1 10 9
1 11 10
1 12 11
1 13 12
1 2 1
1 3 2
1 4 3
1 16 15
1 16 15
1 7 1
1 7 2
1 7 3
1 7 4
1 7 5
1 7 6
-1 7 13
-1 7 12
-1 7 11
-1 7 10
-1 7 9
-1 7 8
1 7 6
1 9 8
1 10 9
1 11 10
1 12 11
1 13 12
1 2 1
1 3 2
1 4 3
1 5 4
1 6 5
1 17 15
1 17 16
1 17 16
1 16 15
1 8 1
1 8 2
1 8 3
1 8 4
1 8 5
1 8 6
1 8 7
-1 8 13
-1 8 12
-1 8 11
-1 8 10
-1 8 9
1 8 7
1 10 9
1 11 10
1 12 11
1 13 12
1 2 1
1 3 2
1 4 3
1 5 4
1 6 5
1 7 6
1 18 15
1 18 16
1 18 17
1 18 17
1 16 15
1 17 16
-1 1 10
1 10 2
1 10 3
1 10 4
1 10 5
1 10 6
1 10 7
1 10 8
1 10 9
-1 10 13
-1 10 12
-1 10 11
1 10 9
1 12 11
1 13 12
1 2 1
1 3 2
1 4 3
1 5 4
1 6 5
1 7 6
1 8 7
1 9 8
1 19 15
1 19 16
1 19 17
1 19 18
1 19 18
1 16 15
1 17 16
1 18 17
1 2 1
-1 2 13
-1 2 12
-1 2 11
-1 2 10
-1 2 9
-1 2 8
-1 2 7
-1 2 6
-1 2 5
-1 2 4
-1 2 3
1 2 1
-1 3 11
1 11 4
1 11 5
1 11 6
1 11 7
1 11 8
1 11 9
1 11 10
-1 11 13
-1 11 12
1 11 10
1 13 12
1 4 3
1 5 4
1 6 5
1 7 6
1 8 7
1 9 8
1 10 9
1 20 15
1 20 16
1 20 17
1 20 18
1 20 19
1 20 19
1 16 15
1 17 16
1 18 17
1 19 18
1 4 1
1 4 2
1 4 3
-1 4 13
-1 4 12
-1 4 11
-1 4 10
-1 4 9
-1 4 8
-1 4 7
-1 4 6
-1 4 5
1 4 3
-1 5 13
1 13 6
1 13 7
1 13 8
1 13 9
1 13 10
1 13 11
1 13 12
1 13 12
1 6 5
1 7 6
1 8 7
1 9 8
1 10 9
1 11 10
1 12 11
1 2 1
1 3 2
1 21 15
1 21 16
1 21 17
1 21 18
1 21 19
1 21 20
1 21 20
1 16 15
1 17 16
1 18 17
1 19 18
1 20 19
1 5 1
1 5 2
1 5 3
1 5 4
-1 5 13
-1 5 12
-1 5 11
-1 5 10
-1 5 9
-1 5 8
-1 5 7
-1 5 6
1 5 4
1 7 6
1 8 7
1 9 8
1 10 9
1 11 10
1 12 11
1 13 12
1 2 1
1 3 2
1 4 3
1 22 15
1 22 16
1 22 17
1 22 18
1 22 19
1 22 20
1 22 21
1 22 21
1 16 15
1 17 16
1 18 17
1 19 18
1 20 19
1 21 20
1 7 1
1 7 2
1 7 3
1 7 4
1 7 5
1 7 6
-1 7 13
-1 7 12
-1 7 11
-1 7 10
-1 7 9
-1 7 8
1 7 6
1 9 8
1 10 9
1 11 10
1 12 11
1 13 12
1 2 1
1 3 2
1 4 3
1 5 4
1 6 5
1 23 15
1 23 16
1 23 17
1 23 18
1 23 19
1 23 20
1 23 21
1 23 22
1 23 22
1 16 15
1 17 16
1 18 17
1 19 18
1 20 19
1 21 20
1 22 21
1 9 1
1 9 2
1 9 3
1 9 4
1 9 5
1 9 6
1 9 7
1 9 8
-1 9 13
-1 9 12
-1 9 11
-1 9 10
1 9 8
1 11 10
1 12 11
1 13 12
1 2 1
1 3 2
1 4 3
1 5 4
1 6 5
1 7 6
1 8 7
1 24 15
1 24 16
1 24 17
1 24 18
1 24 19
1 24 20
1 24 21
1 24 22
1 24 23
1 24 23
-1 15 23
-1 15 22
-1 15 21
-1 15 20
-1 15 19
-1 15 18
-1 15 17
-1 15 16
-1 15 22
1 17 16
1 18 17
1 19 18
1 20 19
1 21 20
1 22 21
1 23 22
1 11 1
1 11 2
1 11 3
1 11 4
1 11 5
1 11 6
1 11 7
1 11 8
1 11 9
1 11 10
-1 11 13
-1 11 12
1 11 10
1 13 12
-1 2 10
1 2 1
-1 2 9
-1 2 8
-1 2 7
-1 2 6
-1 2 5
-1 2 4
-1 2 3
-1 2 9
1 2 1
1 4 3
1 5 4
1 6 5
1 7 6
1 8 7
1 9 8
1 10 9
1 25 15
1 25 16
1 25 17
1 25 18
1 25 19
1 25 20
1 25 21
1 25 22
1 25 23
1 25 24
1 25 24
-1 16 24
1 16 15
-1 16 23
-1 16 22
-1 16 21
-1 16 20
-1 16 19
-1 16 18
-1 16 17
-1 16 23
1 16 15
1 18 17
1 19 18
1 20 19
1 21 20
1 22 21
1 23 22
1 24 23
1 12 1
1 12 2
1 12 3
1 12 4
1 12 5
1 12 6
1 12 7
1 12 8
1 12 9
1 12 10
1 12 11
-1 12 13
1 12 11
1 2 1
1 3 2
1 4 3
1 5 4
1 6 5
1 7 6
1 8 7
1 9 8
1 10 9
1 11 10
1 26 15
1 26 16
1 26 17
1 26 18
1 26 19
1 26 20
1 26 21
1 26 22
1 26 23
1 26 24
1 26 25
1 26 25
-1 17 25
1 17 15
1 17 16
-1 17 24
-1 17 23
-1 17 22
-1 17 21
-1 17 20
-1 17 19
-1 17 18
-1 17 24
1 17 16
1 19 18
1 20 19
1 21 20
1 22 21
1 23 22
1 24 23
1 25 24
1 16 15
1 2 1
1 3 2
1 4 3
1 5 4
1 6 5
1 7 6
1 8 7
1 9 8
1 10 9
1 11 10
1 12 11
1 13 12
1 27 15
1 27 16
1 27 17
1 27 18
1 27 19
1 27 20
1 27 21
1 27 22
1 27 23
1 27 24
1 27 25
1 27 26
1 27 26
-1 18 26
1 18 15
1 18 16
1 18 17
-1 18 25
-1 18 24
-1 18 23
-1 18 22
-1 18 21
-1 18 20
-1 18 19
-1 18 25
1 18 17
1 20 19
1 21 20
1 22 21
1 23 22
1 24 23
1 25 24
1 26 25
1 16 15
1 17 16
1 2 1
1 3 2
1 4 3
1 5 4
1 6 5
1 7 6
1 8 7
1 9 8
1 10 9
1 11 10
1 12 11
1 13 12
1 28 15
1 28 16
1 28 17
1 28 18
1 28 19
1 28 20
1 28 21
1 28 22
1 28 23
1 28 24
1 28 25
1 28 26
1 28 27
1 28 27
1 16 15
1 17 16
1 18 17
1 19 18
1 20 19
1 21 20
1 22 21
1 23 22
1 24 23
1 25 24
1 26 25
1 27 26
1 3 2
1 4 3
1 5 4
1 6 5
1 7 6
1 8 7
1 9 8
1 10 9
1 11 10
1 12 11
1 13 12
1 29 15
1 29 16
1 29 17
1 29 18
1 29 19
1 29 20
1 29 21
1 29 22
1 29 23
1 29 24
1 29 25
1 29 26
1 29 27
1 29 28
1 29 28
1 16 15
1 17 16
1 18 17
1 19 18
1 20 19
1 21 20
1 22 21
1 23 22
1 24 23
1 25 24
1 26 25
1 27 26
1 28 27
1 5 4
1 6 5
1 7 6
1 8 7
1 9 8
1 10 9
1 11 10
1 12 11
1 13 12
1 30 15
1 30 16
1 30 17
1 30 18
1 30 19
1 30 20
1 30 21
1 30 22
1 30 23
1 30 24
1 30 25
1 30 26
1 30 27
1 30 28
1 30 29
1 30 29
1 16 15
1 17 16
1 18 17
1 19 18
1 20 19
1 21 20
1 22 21
1 23 22
1 24 23
1 25 24
1 26 25
1 27 26
1 28 27
1 29 28
1 7 6
1 8 7
1 9 8
1 10 9
1 11 10
1 12 11
1 13 12
1 31 15
1 31 16
1 31 17
1 31 18
1 31 19
1 31 20
1 31 21
1 31 22
1 31 23
1 31 24
1 31 25
1 31 26
1 31 27
1 31 28
1 31 29
1 31 30
1 31 30
1 16 15
1 17 16
1 18 17
1 19 18
1 20 19
1 21 20
1 22 21
1 23 22
1 24 23
1 25 24
1 26 25
1 27 26
1 28 27
1 29 28
1 30 29
1 9 8
1 10 9
1 11 10
1 12 11
1 13 12
1 32 15
1 32 16
1 32 17
1 32 18
1 32 19
1 32 20
1 32 21
1 32 22
1 32 23
1 32 24
1 32 25
1 32 26
1 32 27
1 32 28
1 32 29
1 32 30
1 32 31
1 32 31
-1 16 31
1 16 15
-1 16 30
-1 16 29
-1 16 28
-1 16 27
-1 16 26
-1 16 25
-1 16 24
-1 16 23
-1 16 22
-1 16 21
-1 16 20
-1 16 19
-1 16 18
-1 16 17
-1 16 30
1 16 15
1 18 17
1 19 18
1 20 19
1 21 20
1 22 21
1 23 22
1 24 23
1 25 24
1 26 25
1 27 26
1 28 27
1 29 28
1 30 29
1 31 30
1 11 10
1 12 11
1 13 12
1 33 15
1 33 16
1 33 17
1 33 18
1 33 19
1 33 20
1 33 21
1 33 22
1 33 23
1 33 24
1 33 25
1 33 26
1 33 27
1 33 28
1 33 29
1 33 30
1 33 31
1 33 32
1 33 32
-1 17 32
1 17 15
1 17 16
-1 17 31
-1 17 30
-1 17 29
-1 17 28
-1 17 27
-1 17 26
-1 17 25
-1 17 24
-1 17 23
-1 17 22
-1 17 21
-1 17 20
-1 17 19
-1 17 18
-1 17 31
1 17 16
1 19 18
1 20 19
1 21 20
1 22 21
1 23 22
1 24 23
1 25 24
1 26 25
1 27 26
1 28 27
1 29 28
1 30 29
1 31 30
1 32 31
1 16 15
1 13 12
1 34 15
1 34 16
1 34 17
1 34 18
1 34 19
1 34 20
1 34 21
1 34 22
1 34 23
1 34 24
1 34 25
1 34 26
1 34 27
1 34 28
1 34 29
1 34 30
1 34 31
1 34 32
1 34 33
1 34 33
-1 18 33
1 18 15
1 18 16
1 18 17
-1 18 32
-1 18 31
-1 18 30
-1 18 29
-1 18 28
-1 18 27
-1 18 26
-1 18 25
-1 18 24
-1 18 23
-1 18 22
-1 18 21
-1 18 20
-1 18 19
-1 18 32
1 18 17
1 20 19
1 21 20
1 22 21
1 23 22
1 24 23
1 25 24
1 26 25
1 27 26
1 28 27
1 29 28
1 30 29
1 31 30
1 32 31
1 33 32
1 16 15
1 17 16
1 29 15
1 29 16
1 29 17
1 29 18
1 29 19
1 29 20
1 29 21
1 29 22
1 29 23
1 29 24
1 29 25
1 29 26
1 29 27
1 29 28
-1 29 34
-1 29 33
-1 29 32
-1 29 31
-1 29 30
1 29 28
1 31 30
1 32 31
1 33 32
1 34 33
-1 20 28
1 20 15
1 20 16
1 20 17
1 20 18
1 20 19
-1 20 27
-1 20 26
-1 20 25
-1 20 24
-1 20 23
-1 20 22
-1 20 21
-1 20 27
1 20 19
1 22 21
1 23 22
1 24 23
1 25 24
1 26 25
1 27 26
1 28 27
1 16 15
1 17 16
1 18 17
1 19 18
1 36 35
1 36 35
1 30 15
1 30 16
1 30 17
1 30 18
1 30 19
1 30 20
1 30 21
1 30 22
1 30 23
1 30 24
1 30 25
1 30 26
1 30 27
1 30 28
1 30 29
-1 30 34
-1 30 33
-1 30 32
-1 30 31
1 30 29
1 32 31
1 33 32
1 34 33
-1 21 29
1 21 15
1 21 16
1 21 17
1 21 18
1 21 19
1 21 20
-1 21 28
-1 21 27
-1 21 26
-1 21 25
-1 21 24
-1 21 23
-1 21 22
-1 21 28
1 21 20
1 23 22
1 24 23
1 25 24
1 26 25
1 27 26
1 28 27
1 29 28
1 16 15
1 17 16
1 18 17
1 19 18
1 20 19
1 37 35
1 37 36
1 37 36
-1 15 32
1 32 16
1 32 17
1 32 18
1 32 19
1 32 20
1 32 21
1 32 22
1 32 23
1 32 24
1 32 25
1 32 26
1 32 27
1 32 28
1 32 29
1 32 30
1 32 31
-1 32 34
-1 32 33
1 32 31
1 36 35
1 34 33
-1 15 23
-1 15 31
-1 23 31
1 23 16
1 23 17
1 23 18
1 23 19
1 23 20
1 23 21
1 23 22
-1 23 30
-1 23 29
-1 23 28
-1 23 27
-1 23 26
-1 23 25
-1 23 24
-1 23 30
1 23 22
1 25 24
1 26 25
1 27 26
1 28 27
1 29 28
1 30 29
1 31 30
1 16 15
1 17 16
1 18 17
1 19 18
1 20 19
1 21 20
1 22 21
1 38 35
1 38 36
1 38 37
1 38 37
-1 15 34
-1 15 33
-1 15 32
-1 15 31
-1 15 30
-1 15 29
-1 15 28
-1 15 27
-1 15 26
-1 15 25
-1 15 24
-1 15 23
-1 15 22
-1 15 21
-1 15 20
-1 15 19
-1 15 18
-1 15 17
-1 15 16
-1 16 33
1 33 17
1 33 18
1 33 19
1 33 20
1 33 21
1 33 22
1 33 23
1 33 24
1 33 25
1 33 26
1 33 27
1 33 28
1 33 29
1 33 30
1 33 31
1 33 32
-1 33 34
1 33 32
1 36 35
1 37 36
-1 16 24
-1 16 32
-1 24 32
1 24 17
1 24 18
1 24 19
1 24 20
1 24 21
1 24 22
1 24 23
-1 24 31
-1 24 30
-1 24 29
-1 24 28
-1 24 27
-1 24 26
-1 24 25
-1 24 31
1 24 23
1 26 25
1 27 26
1 28 27
1 29 28
1 30 29
1 31 30
1 32 31
1 17 16
1 18 17
1 19 18
1 20 19
1 21 20
1 22 21
1 23 22
1 39 35
1 39 36
1 39 37
1 39 38
1 39 38
1 17 15
1 17 16
-1 17 34
-1 17 33
-1 17 32
-1 17 31
-1 17 30
-1 17 29
-1 17 28
-1 17 27
-1 17 26
-1 17 25
-1 17 24
-1 17 23
-1 17 22
-1 17 21
-1 17 20
-1 17 19
-1 17 18
1 17 16
-1 18 34
1 34 19
1 34 20
1 34 21
1 34 22
1 34 23
1 34 24
1 34 25
1 34 26
1 34 27
1 34 28
1 34 29
1 34 30
1 34 31
1 34 32
1 34 33
1 34 33
1 36 35
1 37 36
1 38 37
1 19 18
1 20 19
1 21 20
1 22 21
1 23 22
1 24 23
1 25 24
1 26 25
1 27 26
1 28 27
1 29 28
1 30 29
1 31 30
1 32 31
1 33 32
1 16 15
1 40 35
1 40 36
1 40 37
1 40 38
1 40 39
1 40 39
1 18 15
1 18 16
1 18 17
-1 18 34
-1 18 33
-1 18 32
-1 18 31
-1 18 30
-1 18 29
-1 18 28
-1 18 27
-1 18 26
-1 18 25
-1 18 24
-1 18 23
-1 18 22
-1 18 21
-1 18 20
-1 18 19
1 18 17
1 36 35
1 37 36
1 38 37
1 39 38
1 20 19
1 21 20
1 22 21
1 23 22
1 24 23
1 25 24
1 26 25
1 27 26
1 28 27
1 29 28
1 30 29
1 31 30
1 32 31
1 33 32
1 34 33
1 16 15
1 17 16
1 41 35
1 41 36
1 41 37
1 41 38
1 41 39
1 41 40
1 41 40
1 20 15
1 20 16
1 20 17
1 20 18
1 20 19
-1 20 34
-1 20 33
-1 20 32
-1 20 31
-1 20 30
-1 20 29
-1 20 28
-1 20 27
-1 20 26
-1 20 25
-1 20 24
-1 20 23
-1 20 22
-1 20 21
1 20 19
1 36 35
1 37 36
1 38 37
1 39 38
1 40 39
1 22 21
1 23 22
1 24 23
1 25 24
1 26 25
1 27 26
1 28 27
1 29 28
1 30 29
1 31 30
1 32 31
1 33 32
1 34 33
1 16 15
1 17 16
1 18 17
1 19 18
1 42 35
1 42 36
1 42 37
1 42 38
1 42 39
1 42 40
1 42 41
1 42 41
1 21 15
1 21 16
1 21 17
1 21 18
1 21 19
1 21 20
-1 21 34
-1 21 33
-1 21 32
-1 21 31
-1 21 30
-1 21 29
-1 21 28
-1 21 27
-1 21 26
-1 21 25
-1 21 24
-1 21 23
-1 21 22
1 21 20
1 36 35
1 37 36
1 38 37
1 39 38
1 40 39
1 41 40
1 23 22
1 24 23
1 25 24
1 26 25
1 27 26
1 28 27
1 29 28
1 30 29
1 31 30
1 32 31
1 33 32
1 34 33
1 16 15
1 17 16
1 18 17
1 19 18
1 20 19
1 43 35
1 43 36
1 43 37
1 43 38
1 43 39
1 43 40
1 43 41
1 43 42
1 43 42
1 23 15
1 23 16
1 23 17
1 23 18
1 23 19
1 23 20
1 23 21
1 23 22
-1 23 34
-1 23 33
-1 23 32
-1 23 31
-1 23 30
-1 23 29
-1 23 28
-1 23 27
-1 23 26
-1 23 25
-1 23 24
1 23 22
1 36 35
1 37 36
1 38 37
1 39 38
1 40 39
1 41 40
1 42 41
1 25 24
1 26 25
1 27 26
1 28 27
1 29 28
1 30 29
1 31 30
1 32 31
1 33 32
1 34 33
1 16 15
1 17 16
1 18 17
1 19 18
1 20 19
1 21 20
1 22 21
1 44 35
1 44 36
1 44 37
1 44 38
1 44 39
1 44 40
1 44 41
1 44 42
1 44 43
1 44 43
1 24 15
1 24 16
1 24 17
1 24 18
1 24 19
1 24 20
1 24 21
1 24 22
1 24 23
-1 24 34
-1 24 33
-1 24 32
-1 24 31
-1 24 30
-1 24 29
-1 24 28
-1 24 27
-1 24 26
-1 24 25
1 24 23
1 36 35
1 37 36
1 38 37
1 39 38
1 40 39
1 41 40
1 42 41
1 43 42
1 26 25
1 27 26
1 28 27
1 29 28
1 30 29
1 31 30
1 32 31
1 33 32
1 34 33
1 16 15
1 17 16
1 18 17
1 19 18
1 20 19
1 21 20
1 22 21
1 23 22
1 45 35
1 45 36
1 45 37
1 45 38
1 45 39
1 45 40
1 45 41
1 45 42
1 45 43
1 45 44
1 45 44
1 26 15
1 26 16
1 26 17
1 26 18
1 26 19
1 26 20
1 26 21
1 26 22
1 26 23
1 26 24
1 26 25
-1 26 34
-1 26 33
-1 26 32
-1 26 31
-1 26 30
-1 26 29
-1 26 28
-1 26 27
1 26 25
1 36 35
1 37 36
1 38 37
1 39 38
1 40 39
1 41 40
1 42 41
1 43 42
1 44 43
1 28 27
1 29 28
1 30 29
1 31 30
1 32 31
1 33 32
1 34 33
1 16 15
1 17 16
1 18 17
1 19 18
1 20 19
1 21 20
1 22 21
1 23 22
1 24 23
1 25 24
1 46 35
1 46 36
1 46 37
1 46 38
1 46 39
1 46 40
1 46 41
1 46 42
1 46 43
1 46 44
1 46 45
1 46 45
1 27 15
1 27 16
1 27 17
1 27 18
1 27 19
1 27 20
1 27 21
1 27 22
1 27 23
1 27 24
1 27 25
1 27 26
-1 27 34
-1 27 33
-1 27 32
-1 27 31
-1 27 30
-1 27 29
-1 27 28
1 27 26
1 36 35
1 37 36
1 38 37
1 39 38
1 40 39
1 41 40
1 42 41
1 43 42
1 44 43
1 45 44
1 29 28
1 30 29
1 31 30
1 32 31
1 33 32
1 34 33
1 16 15
1 17 16
1 18 17
1 19 18
1 20 19
1 21 20
1 22 21
1 23 22
1 24 23
1 25 24
1 26 25
1 33 15
1 33 16
1 33 17
1 33 18
1 33 19
1 33 20
1 33 21
1 33 22
1 33 23
1 33 24
1 33 25
1 33 26
1 33 27
1 33 28
1 33 29
1 33 30
1 33 31
1 33 32
-1 33 34
1 33 32
1 37 35
1 37 36
-1 37 46
-1 37 45
-1 37 44
-1 37 43
-1 37 42
-1 37 41
-1 37 40
-1 37 39
-1 37 38
1 37 36
-1 38 46
1 46 39
1 46 40
1 46 41
1 46 42
1 46 43
1 46 44
1 46 45
1 46 45
1 39 38
1 40 39
1 41 40
1 42 41
1 43 42
1 44 43
1 45 44
1 36 35
-1 15 32
-1 15 31
-1 15 30
-1 15 29
-1 15 28
-1 15 27
-1 15 26
-1 15 25
-1 15 24
-1 15 23
-1 15 22
-1 15 21
-1 15 20
-1 15 19
-1 15 18
-1 15 17
-1 15 16
-1 15 31
-1 16 24
-1 16 32
-1 24 32
1 24 17
1 24 18
1 24 19
1 24 20
1 24 21
1 24 22
1 24 23
-1 24 31
-1 24 30
-1 24 29
-1 24 28
-1 24 27
-1 24 26
-1 24 25
-1 24 31
1 24 23
1 26 25
1 27 26
1 28 27
1 29 28
1 30 29
1 31 30
1 32 31
1 17 16
1 18 17
1 19 18
1 20 19
1 21 20
1 22 21
1 23 22
1 42 35
1 42 36
1 42 37
1 42 38
1 42 39
1 42 40
1 42 41
-1 42 46
-1 42 45
-1 42 44
-1 42 43
1 42 41
1 44 43
1 45 44
1 46 45
1 36 35
1 37 36
1 38 37
1 39 38
1 40 39
1 41 40
1 18 15
1 18 16
1 18 17
-1 18 34
-1 18 33
-1 18 32
-1 18 31
-1 18 30
-1 18 29
-1 18 28
-1 18 27
-1 18 26
-1 18 25
-1 18 24
-1 18 23
-1 18 22
-1 18 21
-1 18 20
-1 18 19
1 18 17
-1 19 27
1 27 20
1 27 21
1 27 22
1 27 23
1 27 24
1 27 25
1 27 26
-1 27 34
-1 27 33
-1 27 32
-1 27 31
-1 27 30
-1 27 29
-1 27 28
1 27 26
1 29 28
1 30 29
1 31 30
1 32 31
1 33 32
1 34 33
1 20 19
1 21 20
1 22 21
1 23 22
1 24 23
1 25 24
1 26 25
1 16 15
1 17 16
1 49 48
1 49 48
1 43 35
1 43 36
1 43 37
1 43 38
1 43 39
1 43 40
1 43 41
1 43 42
-1 43 46
-1 43 45
-1 43 44
1 43 42
1 45 44
1 46 45
1 36 35
1 37 36
1 38 37
1 39 38
1 40 39
1 41 40
1 42 41
1 20 15
1 20 16
1 20 17
1 20 18
1 20 19
-1 20 34
-1 20 33
-1 20 32
-1 20 31
-1 20 30
-1 20 29
-1 20 28
-1 20 27
-1 20 26
-1 20 25
-1 20 24
-1 20 23
-1 20 22
-1 20 21
1 20 19
-1 21 29
1 29 22
1 29 23
1 29 24
1 29 25
1 29 26
1 29 27
1 29 28
-1 29 34
-1 29 33
-1 29 32
-1 29 31
-1 29 30
1 29 28
1 31 30
1 32 31
1 33 32
1 34 33
1 22 21
1 23 22
1 24 23
1 25 24
1 26 25
1 27 26
1 28 27
1 16 15
1 17 16
1 18 17
1 19 18
1 50 48
1 50 49
1 50 49
1 45 35
1 45 36
1 45 37
1 45 38
1 45 39
1 45 40
1 45 41
1 45 42
1 45 43
1 45 44
-1 45 46
1 45 44
1 49 48
-1 36 44
1 36 35
-1 36 43
-1 36 42
-1 36 41
-1 36 40
-1 36 39
-1 36 38
-1 36 37
-1 36 43
1 36 35
1 38 37
1 39 38
1 40 39
1 41 40
1 42 41
1 43 42
1 44 43
1 22 15
1 22 16
1 22 17
1 22 18
1 22 19
1 22 20
1 22 21
-1 22 34
-1 22 33
-1 22 32
-1 22 31
-1 22 30
-1 22 29
-1 22 28
-1 22 27
-1 22 26
-1 22 25
-1 22 24
-1 22 23
1 22 21
-1 23 31
1 31 24
1 31 25
1 31 26
1 31 27
1 31 28
1 31 29
1 31 30
-1 31 34
-1 31 33
-1 31 32
1 31 30
1 33 32
1 34 33
1 24 23
1 25 24
1 26 25
1 27 26
1 28 27
1 29 28
1 30 29
1 16 15
1 17 16
1 18 17
1 19 18
1 20 19
1 21 20
1 51 48
1 51 49
1 51 50
1 51 50
1 46 35
1 46 36
1 46 37
1 46 38
1 46 39
1 46 40
1 46 41
1 46 42
1 46 43
1 46 44
1 46 45
1 46 45
1 49 48
1 50 49
-1 37 45
1 37 35
1 37 36
-1 37 44
-1 37 43
-1 37 42
-1 37 41
-1 37 40
-1 37 39
-1 37 38
-1 37 44
1 37 36
1 39 38
1 40 39
1 41 40
1 42 41
1 43 42
1 44 43
1 45 44
1 36 35
1 23 15
1 23 16
1 23 17
1 23 18
1 23 19
1 23 20
1 23 21
1 23 22
-1 23 34
-1 23 33
-1 23 32
-1 23 31
-1 23 30
-1 23 29
-1 23 28
-1 23 27
-1 23 26
-1 23 25
-1 23 24
1 23 22
-1 24 32
1 32 25
1 32 26
1 32 27
1 32 28
1 32 29
1 32 30
1 32 31
-1 32 34
-1 32 33
1 32 31
1 34 33
1 25 24
1 26 25
1 27 26
1 28 27
1 29 28
1 30 29
1 31 30
1 16 15
1 17 16
1 18 17
1 19 18
1 20 19
1 21 20
1 22 21
1 52 48
1 52 49
1 52 50
1 52 51
1 52 51
1 49 48
1 50 49
1 51 50
1 36 35
1 37 36
1 38 37
1 39 38
1 40 39
1 41 40
1 42 41
1 43 42
1 44 43
1 45 44
1 46 45
1 25 15
1 25 16
1 25 17
1 25 18
1 25 19
1 25 20
1 25 21
1 25 22
1 25 23
1 25 24
-1 25 34
-1 25 33
-1 25 32
-1 25 31
-1 25 30
-1 25 29
-1 25 28
-1 25 27
-1 25 26
1 25 24
-1 26 34
1 34 27
1 34 28
1 34 29
1 34 30
1 34 31
1 34 32
1 34 33
1 34 33
1 27 26
1 28 27
1 29 28
1 30 29
1 31 30
1 32 31
1 33 32
1 16 15
1 17 16
1 18 17
1 19 18
1 20 19
1 21 20
1 22 21
1 23 22
1 24 23
1 53 48
1 53 49
1 53 50
1 53 51
1 53 52
1 53 52
1 49 48
1 50 49
1 51 50
1 52 51
1 36 35
1 37 36
1 38 37
1 39 38
1 40 39
1 41 40
1 42 41
1 43 42
1 44 43
1 45 44
1 46 45
1 27 15
1 27 16
1 27 17
1 27 18
1 27 19
1 27 20
1 27 21
1 27 22
1 27 23
1 27 24
1 27 25
1 27 26
-1 27 34
-1 27 33
-1 27 32
-1 27 31
-1 27 30
-1 27 29
-1 27 28
1 27 26
1 29 28
1 30 29
1 31 30
1 32 31
1 33 32
1 34 33
1 16 15
1 17 16
1 18 17
1 19 18
1 20 19
1 21 20
1 22 21
1 23 22
1 24 23
1 25 24
1 26 25
1 54 48
1 54 49
1 54 50
1 54 51
1 54 52
1 54 53
1 54 53
1 49 48
1 50 49
1 51 50
1 52 51
1 53 52
1 36 35
1 37 36
1 38 37
1 39 38
1 40 39
1 41 40
1 42 41
1 43 42
1 44 43
1 45 44
1 46 45
1 29 15
1 29 16
1 29 17
1 29 18
1 29 19
1 29 20
1 29 21
1 29 22
1 29 23
1 29 24
1 29 25
1 29 26
1 29 27
1 29 28
-1 29 34
-1 29 33
-1 29 32
-1 29 31
-1 29 30
1 29 28
1 31 30
1 32 31
1 33 32
1 34 33
1 16 15
1 17 16
1 18 17
1 19 18
1 20 19
1 21 20
1 22 21
1 23 22
1 24 23
1 25 24
1 26 25
1 27 26
1 28 27
1 55 48
1 55 49
1 55 50
1 55 51
1 55 52
1 55 53
1 55 54
1 55 54
1 49 48
1 50 49
1 51 50
1 52 51
1 53 52
1 54 53
1 36 35
1 37 36
1 38 37
1 39 38
1 40 39
1 41 40
1 42 41
1 43 42
1 44 43
1 45 44
1 46 45
-1 15 30
1 30 16
1 30 17
1 30 18
1 30 19
1 30 20
1 30 21
1 30 22
1 30 23
1 30 24
1 30 25
1 30 26
1 30 27
1 30 28
1 30 29
-1 30 34
-1 30 33
-1 30 32
-1 30 31
1 30 29
1 32 31
1 33 32
1 34 33
1 16 15
1 17 16
1 18 17
1 19 18
1 20 19
1 21 20
1 22 21
1 23 22
1 24 23
1 25 24
1 26 25
1 27 26
1 28 27
1 29 28
1 56 48
1 56 49
1 56 50
1 56 51
1 56 52
1 56 53
1 56 54
1 56 55
1 56 55
1 36 35
-1 36 46
-1 36 45
-1 36 44
-1 36 43
-1 36 42
-1 36 41
-1 36 40
-1 36 39
-1 36 38
-1 36 37
1 36 35
1 49 48
1 50 49
1 51 50
1 52 51
1 53 52
1 54 53
1 55 54
1 38 37
1 39 38
1 40 39
1 41 40
1 42 41
1 43 42
1 44 43
1 45 44
1 46 45
-1 17 32
1 32 18
1 32 19
1 32 20
1 32 21
1 32 22
1 32 23
1 32 24
1 32 25
1 32 26
1 32 27
1 32 28
1 32 29
1 32 30
1 32 31
-1 32 34
-1 32 33
1 32 31
1 34 33
1 18 17
1 19 18
1 20 19
1 21 20
1 22 21
1 23 22
1 24 23
1 25 24
1 26 25
1 27 26
1 28 27
1 29 28
1 30 29
1 31 30
1 57 48
1 57 49
1 57 50
1 57 51
1 57 52
1 57 53
1 57 54
1 57 55
1 57 56
1 57 56
1 37 35
1 37 36
-1 37 46
-1 37 45
-1 37 44
-1 37 43
-1 37 42
-1 37 41
-1 37 40
-1 37 39
-1 37 38
1 37 36
1 49 48
1 50 49
1 51 50
1 52 51
1 53 52
1 54 53
1 55 54
1 56 55
1 39 38
1 40 39
1 41 40
1 42 41
1 43 42
1 44 43
1 45 44
1 46 45
-1 19 34
1 34 20
1 34 21
1 34 22
1 34 23
1 34 24
1 34 25
1 34 26
1 34 27
1 34 28
1 34 29
1 34 30
1 34 31
1 34 32
1 34 33
1 34 33
1 36 35
1 20 19
1 21 20
1 22 21
1 23 22
1 24 23
1 25 24
1 26 25
1 27 26
1 28 27
1 29 28
1 30 29
1 31 30
1 32 31
1 33 32
1 58 48
1 58 49
1 58 50
1 58 51
1 58 52
1 58 53
1 58 54
1 58 55
1 58 56
1 58 57
1 58 57
1 39 35
1 39 36
1 39 37
1 39 38
-1 39 46
-1 39 45
-1 39 44
-1 39 43
-1 39 42
-1 39 41
-1 39 40
1 39 38
1 49 48
1 50 49
1 51 50
1 52 51
1 53 52
1 54 53
1 55 54
1 56 55
1 57 56
1 41 40
1 42 41
1 43 42
1 44 43
1 45 44
1 46 45
1 36 35
1 37 36
1 38 37
1 22 21
1 23 22
1 24 23
1 25 24
1 26 25
1 27 26
1 28 27
1 29 28
1 30 29
1 31 30
1 32 31
1 33 32
1 34 33
1 59 48
1 59 49
1 59 50
1 59 51
1 59 52
1 59 53
1 59 54
1 59 55
1 59 56
1 59 57
1 59 58
1 59 58
1 40 35
1 40 36
1 40 37
1 40 38
1 40 39
-1 40 46
-1 40 45
-1 40 44
-1 40 43
-1 40 42
-1 40 41
1 40 39
1 49 48
1 50 49
1 51 50
1 52 51
1 53 52
1 54 53
1 55 54
1 56 55
1 57 56
1 58 57
1 42 41
1 43 42
1 44 43
1 45 44
1 46 45
1 36 35
1 37 36
1 38 37
1 39 38
1 24 23
1 25 24
1 26 25
1 27 26
1 28 27
1 29 28
1 30 29
1 31 30
1 32 31
1 33 32
1 34 33
1 60 48
1 60 49
1 60 50
1 60 51
1 60 52
1 60 53
1 60 54
1 60 55
1 60 56
1 60 57
1 60 58
1 60 59
1 60 59
1 42 35
1 42 36
1 42 37
1 42 38
1 42 39
1 42 40
1 42 41
-1 42 46
-1 42 45
-1 42 44
-1 42 43
1 42 41
1 49 48
1 50 49
1 51 50
1 52 51
1 53 52
1 54 53
1 55 54
1 56 55
1 57 56
1 58 57
1 59 58
1 44 43
1 45 44
1 46 45
1 36 35
1 37 36
1 38 37
1 39 38
1 40 39
1 41 40
1 26 25
1 27 26
1 28 27
1 29 28
1 30 29
1 31 30
1 32 31
1 33 32
1 34 33
1 61 48
1 61 49
1 61 50
1 61 51
1 61 52
1 61 53
1 61 54
1 61 55
1 61 56
1 61 57
1 61 58
1 61 59
1 61 60
1 61 60
1 43 35
1 43 36
1 43 37
1 43 38
1 43 39
1 43 40
1 43 41
1 43 42
-1 43 46
-1 43 45
-1 43 44
1 43 42
1 49 48
1 50 49
1 51 50
1 52 51
1 53 52
1 54 53
1 55 54
1 56 55
1 57 56
1 58 57
1 59 58
1 60 59
1 45 44
1 46 45
1 36 35
1 37 36
1 38 37
1 39 38
1 40 39
1 41 40
1 42 41
1 28 27
1 29 28
1 30 29
1 31 30
1 32 31
1 33 32
1 34 33
1 62 48
1 62 49
1 62 50
1 62 51
1 62 52
1 62 53
1 62 54
1 62 55
1 62 56
1 62 57
1 62 58
1 62 59
1 62 60
1 62 61
1 62 61
1 45 35
1 45 36
1 45 37
1 45 38
1 45 39
1 45 40
1 45 41
1 45 42
1 45 43
1 45 44
-1 45 46
1 45 44
1 49 48
1 50 49
1 51 50
1 52 51
1 53 52
1 54 53
1 55 54
1 56 55
1 57 56
1 58 57
1 59 58
1 60 59
1 61 60
1 36 35
1 37 36
1 38 37
1 39 38
1 40 39
1 41 40
1 42 41
1 43 42
1 44 43
1 30 29
1 31 30
1 32 31
1 33 32
1 34 33
1 63 48
1 63 49
1 63 50
1 63 51
1 63 52
1 63 53
1 63 54
1 63 55
1 63 56
1 63 57
1 63 58
1 63 59
1 63 60
1 63 61
1 63 62
1 63 62
1 46 35
1 46 36
1 46 37
1 46 38
1 46 39
1 46 40
1 46 41
1 46 42
1 46 43
1 46 44
1 46 45
1 46 45
-1 48 62
-1 48 61
-1 48 60
-1 48 59
-1 48 58
-1 48 57
-1 48 56
-1 48 55
-1 48 54
-1 48 53
-1 48 52
-1 48 51
-1 48 50
-1 48 49
-1 48 61
1 50 49
1 51 50
1 52 51
1 53 52
1 54 53
1 55 54
1 56 55
1 57 56
1 58 57
1 59 58
1 60 59
1 61 60
1 62 61
1 36 35
1 37 36
1 38 37
1 39 38
1 40 39
1 41 40
1 42 41
1 43 42
1 44 43
1 45 44
1 32 31
1 33 32
1 34 33
1 64 48
1 64 49
1 64 50
1 64 51
1 64 52
1 64 53
1 64 54
1 64 55
1 64 56
1 64 57
1 64 58
1 64 59
1 64 60
1 64 61
1 64 62
1 64 63
1 64 63
-1 49 63
1 49 48
-1 49 62
-1 49 61
-1 49 60
-1 49 59
-1 49 58
-1 49 57
-1 49 56
-1 49 55
-1 49 54
-1 49 53
-1 49 52
-1 49 51
-1 49 50
-1 49 62
1 49 48
1 51 50
1 52 51
1 53 52
1 54 53
1 55 54
1 56 55
1 57 56
1 58 57
1 59 58
1 60 59
1 61 60
1 62 61
1 63 62
1 36 35
1 37 36
1 38 37
1 39 38
1 40 39
1 41 40
1 42 41
1 43 42
1 44 43
1 45 44
1 46 45
1 34 33
1 65 48
1 65 49
1 65 50
1 65 51
1 65 52
1 65 53
1 65 54
1 65 55
1 65 56
1 65 57
1 65 58
1 65 59
1 65 60
1 65 61
1 65 62
1 65 63
1 65 64
1 65 64
-1 50 64
1 50 48
1 50 49
-1 50 63
-1 50 62
-1 50 61
-1 50 60
-1 50 59
-1 50 58
-1 50 57
-1 50 56
-1 50 55
-1 50 54
-1 50 53
-1 50 52
-1 50 51
-1 50 63
1 50 49
1 52 51
1 53 52
1 54 53
1 55 54
1 56 55
1 57 56
1 58 57
1 59 58
1 60 59
1 61 60
1 62 61
1 63 62
1 64 63
1 49 48
-1 35 46
-1 35 45
-1 35 44
-1 35 43
-1 35 42
-1 35 41
-1 35 40
-1 35 39
-1 35 38
-1 35 37
-1 35 36
1 37 36
1 38 37
1 39 38
1 40 39
1 41 40
1 42 41
1 43 42
1 44 43
1 45 44
1 46 45
1 59 48
1 59 49
1 59 50
1 59 51
1 59 52
1 59 53
1 59 54
1 59 55
1 59 56
1 59 57
1 59 58
-1 59 65
-1 59 64
-1 59 63
-1 59 62
-1 59 61
-1 59 60
1 59 58
1 61 60
1 62 61
1 63 62
1 64 63
1 65 64
1 49 48
1 50 49
1 51 50
1 52 51
1 53 52
1 54 53
1 55 54
1 56 55
1 57 56
1 58 57
1 39 35
1 39 36
1 39 37
1 39 38
-1 39 46
-1 39 45
-1 39 44
-1 39 43
-1 39 42
-1 39 41
-1 39 40
1 39 38
1 41 40
1 42 41
1 43 42
1 44 43
1 45 44
1 46 45
1 36 35
1 37 36
1 38 37
1 67 66
1 67 66
1 60 48
1 60 49
1 60 50
1 60 51
1 60 52
1 60 53
1 60 54
1 60 55
1 60 56
1 60 57
1 60 58
1 60 59
-1 60 65
-1 60 64
-1 60 63
-1 60 62
-1 60 61
1 60 59
1 62 61
1 63 62
1 64 63
1 65 64
1 49 48
1 50 49
1 51 50
1 52 51
1 53 52
1 54 53
1 55 54
1 56 55
1 57 56
1 58 57
1 59 58
1 41 35
1 41 36
1 41 37
1 41 38
1 41 39
1 41 40
-1 41 46
-1 41 45
-1 41 44
-1 41 43
-1 41 42
1 41 40
1 43 42
1 44 43
1 45 44
1 46 45
1 36 35
1 37 36
1 38 37
1 39 38
1 40 39
-1 48 65
-1 48 64
-1 48 63
-1 48 62
-1 48 61
-1 48 60
-1 48 59
-1 48 58
-1 48 57
-1 48 56
-1 48 55
-1 48 54
-1 48 53
-1 48 52
-1 48 51
-1 48 50
-1 48 49
-1 49 65
1 65 50
1 65 51
1 65 52
1 65 53
1 65 54
1 65 55
1 65 56
1 65 57
1 65 58
1 65 59
1 65 60
1 65 61
1 65 62
1 65 63
1 65 64
1 65 64
1 67 66
1 50 49
1 51 50
1 52 51
1 53 52
1 54 53
1 55 54
1 56 55
1 57 56
1 58 57
1 59 58
1 60 59
1 61 60
1 62 61
1 63 62
1 64 63
1 44 35
1 44 36
1 44 37
1 44 38
1 44 39
1 44 40
1 44 41
1 44 42
1 44 43
-1 44 46
-1 44 45
1 44 43
1 46 45
1 36 35
1 37 36
1 38 37
1 39 38
1 40 39
1 41 40
1 42 41
1 43 42
1 51 48
1 51 49
1 51 50
-1 51 65
-1 51 64
-1 51 63
-1 51 62
-1 51 61
-1 51 60
-1 51 59
-1 51 58
-1 51 57
-1 51 56
-1 51 55
-1 51 54
-1 51 53
-1 51 52
1 51 50
1 67 66
-1 52 60
1 60 53
1 60 54
1 60 55
1 60 56
1 60 57
1 60 58
1 60 59
-1 60 65
-1 60 64
-1 60 63
-1 60 62
-1 60 61
1 60 59
1 62 61
1 63 62
1 64 63
1 65 64
1 53 52
1 54 53
1 55 54
1 56 55
1 57 56
1 58 57
1 59 58
1 46 35
1 46 36
1 46 37
1 46 38
1 46 39
1 46 40
1 46 41
1 46 42
1 46 43
1 46 44
1 46 45
1 46 45
1 49 48
1 50 49
1 36 35
1 37 36
1 38 37
1 39 38
1 40 39
1 41 40
1 42 41
1 43 42
1 44 43
1 45 44
1 70 69
1 70 69
1 53 48
1 53 49
1 53 50
1 53 51
1 53 52
-1 53 65
-1 53 64
-1 53 63
-1 53 62
-1 53 61
-1 53 60
-1 53 59
-1 53 58
-1 53 57
-1 53 56
-1 53 55
-1 53 54
1 53 52
1 67 66
1 55 54
1 56 55
1 57 56
1 58 57
1 59 58
1 60 59
1 61 60
1 62 61
1 63 62
1 64 63
1 65 64
1 49 48
1 50 49
1 51 50
1 52 51
1 36 35
1 37 36
1 38 37
1 39 38
1 40 39
1 41 40
1 42 41
1 43 42
1 44 43
1 45 44
1 46 45
1 71 69
1 71 70
1 71 70
1 54 48
1 54 49
1 54 50
1 54 51
1 54 52
1 54 53
-1 54 65
-1 54 64
-1 54 63
-1 54 62
-1 54 61
-1 54 60
-1 54 59
-1 54 58
-1 54 57
-1 54 56
-1 54 55
1 54 53
1 70 69
1 67 66
1 56 55
1 57 56
1 58 57
1 59 58
1 60 59
1 61 60
1 62 61
1 63 62
1 64 63
1 65 64
1 49 48
1 50 49
1 51 50
1 52 51
1 53 52
1 36 35
1 37 36
1 38 37
1 39 38
1 40 39
1 41 40
1 42 41
1 43 42
1 44 43
1 45 44
1 46 45
1 72 69
1 72 70
1 72 71
1 72 71
1 56 48
1 56 49
1 56 50
1 56 51
1 56 52
1 56 53
1 56 54
1 56 55
-1 56 65
-1 56 64
-1 56 63
-1 56 62
-1 56 61
-1 56 60
-1 56 59
-1 56 58
-1 56 57
1 56 55
1 67 66
1 70 69
1 71 70
1 58 57
1 59 58
1 60 59
1 61 60
1 62 61
1 63 62
1 64 63
1 65 64
1 49 48
1 50 49
1 51 50
1 52 51
1 53 52
1 54 53
1 55 54
1 37 36
1 38 37
1 39 38
1 40 39
1 41 40
1 42 41
1 43 42
1 44 43
1 45 44
1 46 45
1 73 69
1 73 70
1 73 71
1 73 72
1 73 72
1 57 48
1 57 49
1 57 50
1 57 51
1 57 52
1 57 53
1 57 54
1 57 55
1 57 56
-1 57 65
-1 57 64
-1 57 63
-1 57 62
-1 57 61
-1 57 60
-1 57 59
-1 57 58
1 57 56
1 67 66
1 70 69
1 71 70
1 72 71
1 59 58
1 60 59
1 61 60
1 62 61
1 63 62
1 64 63
1 65 64
1 49 48
1 50 49
1 51 50
1 52 51
1 53 52
1 54 53
1 55 54
1 56 55
1 39 38
1 40 39
1 41 40
1 42 41
1 43 42
1 44 43
1 45 44
1 46 45
1 74 69
1 74 70
1 74 71
1 74 72
1 74 73
1 74 73
1 59 48
1 59 49
1 59 50
1 59 51
1 59 52
1 59 53
1 59 54
1 59 55
1 59 56
1 59 57
1 59 58
-1 59 65
-1 59 64
-1 59 63
-1 59 62
-1 59 61
-1 59 60
1 59 58
1 67 66
1 70 69
1 71 70
1 72 71
1 73 72
1 61 60
1 62 61
1 63 62
1 64 63
1 65 64
1 49 48
1 50 49
1 51 50
1 52 51
1 53 52
1 54 53
1 55 54
1 56 55
1 57 56
1 58 57
1 41 40
1 42 41
1 43 42
1 44 43
1 45 44
1 46 45
1 75 69
1 75 70
1 75 71
1 75 72
1 75 73
1 75 74
1 75 74
1 60 48
1 60 49
1 60 50
1 60 51
1 60 52
1 60 53
1 60 54
1 60 55
1 60 56
1 60 57
1 60 58
1 60 59
-1 60 65
-1 60 64
-1 60 63
-1 60 62
-1 60 61
1 60 59
-1 66 67
1 70 69
1 71 70
1 72 71
1 73 72
1 74 73
1 62 61
1 63 62
1 64 63
1 65 64
1 49 48
1 50 49
1 51 50
1 52 51
1 53 52
1 54 53
1 55 54
1 56 55
1 57 56
1 58 57
1 59 58
1 43 42
1 44 43
1 45 44
1 46 45
1 76 69
1 76 70
1 76 71
1 76 72
1 76 73
1 76 74
1 76 75
1 76 75
1 62 48
1 62 49
1 62 50
1 62 51
1 62 52
1 62 53
1 62 54
1 62 55
1 62 56
1 62 57
1 62 58
1 62 59
1 62 60
1 62 61
-1 62 65
-1 62 64
-1 62 63
1 62 61
1 70 69
1 71 70
1 72 71
1 73 72
1 74 73
1 75 74
1 64 63
1 65 64
1 67 66
1 49 48
1 50 49
1 51 50
1 52 51
1 53 52
1 54 53
1 55 54
1 56 55
1 57 56
1 58 57
1 59 58
1 60 59
1 61 60
1 45 44
1 46 45
1 77 69
1 77 70
1 77 71
1 77 72
1 77 73
1 77 74
1 77 75
1 77 76
1 77 76
1 63 48
1 63 49
1 63 50
1 63 51
1 63 52
1 63 53
1 63 54
1 63 55
1 63 56
1 63 57
1 63 58
1 63 59
1 63 60
1 63 61
1 63 62
-1 63 65
-1 63 64
1 63 62
1 70 69
1 71 70
1 72 71
1 73 72
1 74 73
1 75 74
1 76 75
1 65 64
1 67 66
1 49 48
1 50 49
1 51 50
1 52 51
1 53 52
1 54 53
1 55 54
1 56 55
1 57 56
1 58 57
1 59 58
1 60 59
1 61 60
1 62 61
1 70 69
1 71 70
1 72 71
1 73 72
1 74 73
1 75 74
1 76 75
1 77 76
1 67 66
-1 50 65
1 50 48
1 50 49
-1 50 64
-1 50 63
-1 50 62
-1 50 61
-1 50 60
-1 50 59
-1 50 58
-1 50 57
-1 50 56
-1 50 55
-1 50 54
-1 50 53
-1 50 52
-1 50 51
-1 50 64
1 50 49
1 52 51
1 53 52
1 54 53
1 55 54
1 56 55
1 57 56
1 58 57
1 59 58
1 60 59
1 61 60
1 62 61
1 63 62
1 64 63
1 65 64
1 49 48
1 70 69
1 71 70
1 72 71
1 73 72
1 74 73
1 75 74
1 76 75
1 77 76
1 67 66
1 52 48
1 52 49
1 52 50
1 52 51
-1 52 65
-1 52 64
-1 52 63
-1 52 62
-1 52 61
-1 52 60
-1 52 59
-1 52 58
-1 52 57
-1 52 56
-1 52 55
-1 52 54
-1 52 53
1 52 51
1 54 53
1 55 54
1 56 55
1 57 56
1 58 57
1 59 58
1 60 59
1 61 60
1 62 61
1 63 62
1 64 63
1 65 64
1 49 48
1 50 49
1 51 50
1 80 79
1 80 79
1 70 69
1 71 70
1 72 71
1 73 72
1 74 73
1 75 74
1 76 75
1 77 76
1 67 66
1 54 48
1 54 49
1 54 50
1 54 51
1 54 52
1 54 53
-1 54 65
-1 54 64
-1 54 63
-1 54 62
-1 54 61
-1 54 60
-1 54 59
-1 54 58
-1 54 57
-1 54 56
-1 54 55
1 54 53
1 56 55
1 57 56
1 58 57
1 59 58
1 60 59
1 61 60
1 62 61
1 63 62
1 64 63
1 65 64
1 49 48
1 50 49
1 51 50
1 52 51
1 53 52
1 81 79
1 81 80
1 81 80
1 70 69
-1 70 77
-1 70 76
-1 70 75
-1 70 74
-1 70 73
-1 70 72
-1 70 71
1 70 69
1 72 71
1 73 72
1 74 73
1 75 74
1 76 75
1 77 76
1 80 79
1 67 66
1 56 48
1 56 49
1 56 50
1 56 51
1 56 52
1 56 53
1 56 54
1 56 55
-1 56 65
-1 56 64
-1 56 63
-1 56 62
-1 56 61
-1 56 60
-1 56 59
-1 56 58
-1 56 57
1 56 55
1 58 57
1 59 58
1 60 59
1 61 60
1 62 61
1 63 62
1 64 63
1 65 64
1 49 48
1 50 49
1 51 50
1 52 51
1 53 52
1 54 53
1 55 54
1 82 79
1 82 80
1 82 81
1 82 81
1 71 69
1 71 70
-1 71 77
-1 71 76
-1 71 75
-1 71 74
-1 71 73
-1 71 72
1 71 70
1 73 72
1 74 73
1 75 74
1 76 75
1 77 76
1 80 79
1 81 80
1 67 66
1 70 69
1 57 48
1 57 49
1 57 50
1 57 51
1 57 52
1 57 53
1 57 54
1 57 55
1 57 56
-1 57 65
-1 57 64
-1 57 63
-1 57 62
-1 57 61
-1 57 60
-1 57 59
-1 57 58
1 57 56
1 59 58
1 60 59
1 61 60
1 62 61
1 63 62
1 64 63
1 65 64
1 49 48
1 50 49
1 51 50
1 52 51
1 53 52
1 54 53
1 55 54
1 56 55
1 82 79
1 82 80
1 82 81
1 82 81
1 80 79
1 81 80
1 70 69
1 71 70
1 72 71
1 73 72
1 74 73
1 75 74
1 76 75
1 77 76
1 61 48
1 61 49
1 61 50
1 61 51
1 61 52
1 61 53
1 61 54
1 61 55
1 61 56
1 61 57
1 61 58
1 61 59
1 61 60
-1 61 65
-1 61 64
-1 61 63
-1 61 62
1 61 60
1 67 66
1 63 62
1 64 63
1 65 64
1 49 48
1 50 49
1 51 50
1 52 51
1 53 52
1 54 53
1 55 54
1 56 55
1 57 56
1 58 57
1 59 58
1 60 59
1 84 83
1 84 83
1 80 79
1 81 80
1 82 81
1 70 69
1 71 70
1 72 71
1 73 72
1 74 73
1 75 74
1 76 75
1 77 76
1 63 48
1 63 49
1 63 50
1 63 51
1 63 52
1 63 53
1 63 54
1 63 55
1 63 56
1 63 57
1 63 58
1 63 59
1 63 60
1 63 61
1 63 62
-1 63 65
-1 63 64
1 63 62
1 65 64
1 67 66
1 49 48
1 50 49
1 51 50
1 52 51
1 53 52
1 54 53
1 55 54
1 56 55
1 57 56
1 58 57
1 59 58
1 60 59
1 61 60
1 62 61
1 85 83
1 85 84
1 85 84
1 80 79
1 81 80
1 82 81
1 84 83
1 70 69
1 71 70
1 72 71
1 73 72
1 74 73
1 75 74
1 76 75
1 77 76
-1 49 65
1 65 50
1 65 51
1 65 52
1 65 53
1 65 54
1 65 55
1 65 56
1 65 57
1 65 58
1 65 59
1 65 60
1 65 61
1 65 62
1 65 63
1 65 64
1 65 64
1 67 66
1 50 49
1 51 50
1 52 51
1 53 52
1 54 53
1 55 54
1 56 55
1 57 56
1 58 57
1 59 58
1 60 59
1 61 60
1 62 61
1 63 62
1 64 63
1 86 83
1 86 84
1 86 85
1 86 85
1 80 79
1 81 80
1 82 81
1 84 83
1 85 84
1 70 69
1 71 70
1 72 71
1 73 72
1 74 73
1 75 74
1 76 75
1 77 76
1 67 66
1 52 51
1 53 52
1 54 53
1 55 54
1 56 55
1 57 56
1 58 57
1 59 58
1 60 59
1 61 60
1 62 61
1 63 62
1 64 63
1 65 64
1 87 83
1 87 84
1 87 85
1 87 86
1 87 86
1 80 79
1 81 80
1 82 81
1 84 83
1 85 84
1 86 85
1 70 69
1 71 70
1 72 71
1 73 72
1 74 73
1 75 74
1 76 75
1 77 76
1 67 66
1 54 53
1 55 54
1 56 55
1 57 56
1 58 57
1 59 58
1 60 59
1 61 60
1 62 61
1 63 62
1 64 63
1 65 64
1 88 83
1 88 84
1 88 85
1 88 86
1 88 87
1 88 87
-1 79 82
-1 79 81
-1 79 80
1 81 80
1 82 81
1 84 83
1 85 84
1 86 85
1 87 86
1 70 69
1 71 70
1 72 71
1 73 72
1 74 73
1 75 74
1 76 75
1 77 76
1 67 66
1 56 55
1 57 56
1 58 57
1 59 58
1 60 59
1 61 60
1 62 61
1 63 62
1 64 63
1 65 64
1 89 83
1 89 84
1 89 85
1 89 86
1 89 87
1 89 88
1 89 88
1 70 69
-1 70 77
-1 70 76
-1 70 75
-1 70 74
-1 70 73
-1 70 72
-1 70 71
1 70 69
1 81 79
1 81 80
-1 81 82
1 81 80
1 84 83
1 85 84
1 86 85
1 87 86
1 88 87
1 72 71
1 73 72
1 74 73
1 75 74
1 76 75
1 77 76
1 80 79
1 67 66
1 58 57
1 59 58
1 60 59
1 61 60
1 62 61
1 63 62
1 64 63
1 65 64
1 90 83
1 90 84
1 90 85
1 90 86
1 90 87
1 90 88
1 90 89
1 90 89
1 71 69
1 71 70
-1 71 77
-1 71 76
-1 71 75
-1 71 74
-1 71 73
-1 71 72
1 71 70
1 82 79
1 82 80
1 82 81
1 82 81
1 84 83
1 85 84
1 86 85
1 87 86
1 88 87
1 89 88
1 73 72
1 74 73
1 75 74
1 76 75
1 77 76
1 80 79
1 81 80
1 67 66
1 70 69
1 60 59
1 61 60
1 62 61
1 63 62
1 64 63
1 65 64
1 91 83
1 91 84
1 91 85
1 91 86
1 91 87
1 91 88
1 91 89
1 91 90
1 91 90
1 73 69
1 73 70
1 73 71
1 73 72
-1 73 77
-1 73 76
-1 73 75
-1 73 74
1 73 72
1 84 83
1 85 84
1 86 85
1 87 86
1 88 87
1 89 88
1 90 89
1 75 74
1 76 75
1 77 76
1 80 79
1 81 80
1 82 81
1 67 66
1 70 69
1 71 70
1 72 71
1 62 61
1 63 62
1 64 63
1 65 64
1 92 83
1 92 84
1 92 85
1 92 86
1 92 87
1 92 88
1 92 89
1 92 90
1 92 91
1 92 91
1 74 69
1 74 70
1 74 71
1 74 72
1 74 73
-1 74 77
-1 74 76
-1 74 75
1 74 73
1 84 83
1 85 84
1 86 85
1 87 86
1 88 87
1 89 88
1 90 89
1 91 90
1 76 75
1 77 76
1 80 79
1 81 80
1 82 81
1 67 66
1 67 66
1 70 69
1 71 70
1 72 71
1 73 72
1 64 63
1 65 64
1 93 83
1 93 84
1 93 85
1 93 86
1 93 87
1 93 88
1 93 89
1 93 90
1 93 91
1 93 92
1 93 92
1 76 69
1 76 70
1 76 71
1 76 72
1 76 73
1 76 74
1 76 75
-1 76 77
1 76 75
1 84 83
1 85 84
1 86 85
1 87 86
1 88 87
1 89 88
1 90 89
1 91 90
1 92 91
1 80 79
1 81 80
1 82 81
1 70 69
1 71 70
1 72 71
1 73 72
1 74 73
1 75 74
1 67 66
1 84 83
1 85 84
1 86 85
1 87 86
1 88 87
1 89 88
1 90 89
1 91 90
1 92 91
1 93 92
1 80 79
1 81 80
1 82 81
1 70 69
1 71 70
1 72 71
1 73 72
1 74 73
1 75 74
1 76 75
1 77 76
1 67 66
-1 83 93
-1 83 92
-1 83 91
-1 83 90
-1 83 89
-1 83 88
-1 83 87
-1 83 86
-1 83 85
-1 83 84
1 85 84
1 86 85
1 87 86
1 88 87
1 89 88
1 90 89
1 91 90
1 92 91
1 93 92
1 80 79
1 81 80
1 82 81
1 70 69
1 71 70
1 72 71
1 73 72
1 74 73
1 75 74
1 76 75
1 77 76
1 67 66
1 96 95
1 96 95
1 84 83
-1 84 93
-1 84 92
-1 84 91
-1 84 90
-1 84 89
-1 84 88
-1 84 87
-1 84 86
-1 84 85
1 84 83
1 86 85
1 87 86
1 88 87
1 89 88
1 90 89
1 91 90
1 92 91
1 93 92
1 80 79
1 81 80
1 82 81
1 70 69
1 71 70
1 72 71
1 73 72
1 74 73
1 75 74
1 76 75
1 77 76
1 67 66
1 92 83
1 92 84
1 92 85
1 92 86
1 92 87
1 92 88
1 92 89
1 92 90
1 92 91
-1 92 93
1 92 91
1 96 95
1 84 83
1 85 84
1 86 85
1 87 86
1 88 87
1 89 88
1 90 89
1 91 90
1 71 69
1 71 70
-1 71 77
-1 71 76
-1 71 75
-1 71 74
-1 71 73
-1 71 72
1 71 70
1 73 72
1 74 73
1 75 74
1 76 75
1 77 76
1 80 79
1 81 80
1 82 81
1 67 66
1 70 69
1 98 97
1 98 97
1 93 83
1 93 84
1 93 85
1 93 86
1 93 87
1 93 88
1 93 89
1 93 90
1 93 91
1 93 92
1 93 92
1 96 95
1 84 83
1 85 84
1 86 85
1 87 86
1 88 87
1 89 88
1 90 89
1 91 90
1 92 91
1 72 69
1 72 70
1 72 71
-1 72 77
-1 72 76
-1 72 75
-1 72 74
-1 72 73
1 72 71
1 74 73
1 75 74
1 76 75
1 77 76
1 80 79
1 81 80
1 82 81
1 67 66
1 70 69
1 71 70
1 99 97
1 99 98
1 99 98
1 96 95
1 98 97
1 84 83
1 85 84
1 86 85
1 87 86
1 88 87
1 89 88
1 90 89
1 91 90
1 92 91
1 93 92
1 74 69
1 74 70
1 74 71
1 74 72
1 74 73
-1 74 77
-1 74 76
-1 74 75
1 74 73
1 76 75
1 77 76
1 80 79
1 81 80
1 82 81
1 70 69
1 71 70
1 72 71
1 73 72
1 96 95
1 98 97
1 99 98
1 84 83
1 85 84
1 86 85
1 87 86
1 88 87
1 89 88
1 90 89
1 91 90
1 92 91
1 93 92
1 76 69
1 76 70
1 76 71
1 76 72
1 76 73
1 76 74
1 76 75
-1 76 77
1 76 75
1 80 79
1 81 80
1 82 81
1 70 69
1 71 70
1 72 71
1 73 72
1 74 73
1 75 74
1 96 95
1 98 97
1 99 98
1 84 83
1 85 84
1 86 85
1 87 86
1 88 87
1 89 88
1 90 89
1 91 90
1 92 91
1 93 92
1 80 79
1 81 80
1 82 81
1 70 69
1 71 70
1 72 71
1 73 72
1 74 73
1 75 74
1 76 75
1 77 76
1 102 101
1 102 101
-1 83 93
-1 83 92
-1 83 91
-1 83 90
-1 83 89
-1 83 88
-1 83 87
-1 83 86
-1 83 85
-1 83 84
-1 95 96
1 98 97
1 99 98
1 85 84
1 86 85
1 87 86
1 88 87
1 89 88
1 90 89
1 91 90
1 92 91
1 93 92
1 80 79
1 81 80
1 82 81
1 70 69
1 71 70
1 72 71
1 73 72
1 74 73
1 75 74
1 76 75
1 77 76
1 85 83
1 85 84
-1 85 93
-1 85 92
-1 85 91
-1 85 90
-1 85 89
-1 85 88
-1 85 87
-1 85 86
1 85 84
1 98 97
1 99 98
1 102 101
1 87 86
1 88 87
1 89 88
1 90 89
1 91 90
1 92 91
1 93 92
1 96 95
1 80 79
1 81 80
1 82 81
1 84 83
1 70 69
1 71 70
1 72 71
1 73 72
1 74 73
1 75 74
1 76 75
1 77 76
1 87 83
1 87 84
1 87 85
1 87 86
-1 87 93
-1 87 92
-1 87 91
-1 87 90
-1 87 89
-1 87 88
1 87 86
1 98 97
1 99 98
1 102 101
1 89 88
1 90 89
1 91 90
1 92 91
1 93 92
1 96 95
-1 79 82
-1 79 81
-1 79 80
1 81 80
1 82 81
1 84 83
1 85 84
1 86 85
1 70 69
1 71 70
1 72 71
1 73 72
1 74 73
1 75 74
1 76 75
1 77 76
1 105 104
1 105 104
1 88 83
1 88 84
1 88 85
1 88 86
1 88 87
-1 88 93
-1 88 92
-1 88 91
-1 88 90
-1 88 89
1 88 87
1 98 97
1 99 98
1 102 101
1 90 89
1 91 90
1 92 91
1 93 92
1 96 95
1 80 79
-1 80 82
-1 80 81
1 80 79
1 82 81
1 84 83
1 85 84
1 86 85
1 87 86
1 72 71
1 73 72
1 74 73
1 75 74
1 76 75
1 77 76
1 106 104
1 106 105
1 106 105
1 90 83
1 90 84
1 90 85
1 90 86
1 90 87
1 90 88
1 90 89
-1 90 93
-1 90 92
-1 90 91
1 90 89
1 98 97
1 99 98
1 102 101
1 105 104
1 92 91
1 93 92
1 96 95
1 82 79
1 82 80
1 82 81
1 82 81
1 84 83
1 85 84
1 86 85
1 87 86
1 88 87
1 89 88
1 74 73
1 75 74
1 76 75
1 77 76
1 80 79
1 81 80
1 107 104
1 107 105
1 107 106
1 107 106
1 91 83
1 91 84
1 91 85
1 91 86
1 91 87
1 91 88
1 91 89
1 91 90
-1 91 93
-1 91 92
1 91 90
1 98 97
1 99 98
1 102 101
1 105 104
1 106 105
1 93 92
1 96 95
1 84 83
1 85 84
1 86 85
1 87 86
1 88 87
1 89 88
1 90 89
1 76 75
1 77 76
1 80 79
1 81 80
1 82 81
1 108 104
1 108 105
1 108 106
1 108 107
1 108 107
1 93 83
1 93 84
1 93 85
1 93 86
1 93 87
1 93 88
1 93 89
1 93 90
1 93 91
1 93 92
1 93 92
1 98 97
1 99 98
1 102 101
1 105 104
1 106 105
1 107 106
1 96 95
1 84 83
1 85 84
1 86 85
1 87 86
1 88 87
1 89 88
1 90 89
1 91 90
1 92 91
1 80 79
1 81 80
1 82 81
1 99 97
1 99 98
1 99 98
1 102 101
1 105 104
1 106 105
1 107 106
1 108 107
1 96 95
1 98 97
1 84 83
1 85 84
1 86 85
1 87 86
1 88 87
1 89 88
1 90 89
1 91 90
1 92 91
1 93 92
1 80 79
1 81 80
1 82 81
-1 101 102
1 105 104
1 106 105
1 107 106
1 108 107
1 96 95
1 98 97
1 99 98
1 84 83
1 85 84
1 86 85
1 87 86
1 88 87
1 89 88
1 90 89
1 91 90
1 92 91
1 93 92
1 80 79
1 81 80
1 82 81
1 105 104
1 106 105
1 107 106
1 108 107
1 98 97
1 99 98
1 102 101
1 85 83
1 85 84
-1 85 93
-1 85 92
-1 85 91
-1 85 90
-1 85 89
-1 85 88
-1 85 87
-1 85 86
1 85 84
1 87 86
1 88 87
1 89 88
1 90 89
1 91 90
1 92 91
1 93 92
1 96 95
1 80 79
1 81 80
1 82 81
1 84 83
1 105 104
1 106 105
1 107 106
1 108 107
1 98 97
1 99 98
1 102 101
1 86 83
1 86 84
1 86 85
-1 86 93
-1 86 92
-1 86 91
-1 86 90
-1 86 89
-1 86 88
-1 86 87
1 86 85
1 88 87
1 89 88
1 90 89
1 91 90
1 92 91
1 93 92
1 96 95
1 81 80
1 82 81
1 84 83
1 85 84
1 113 112
1 113 112
1 105 104
-1 105 108
-1 105 107
-1 105 106
1 105 104
1 107 106
1 108 107
1 98 97
1 99 98
1 102 101
1 88 83
1 88 84
1 88 85
1 88 86
1 88 87
-1 88 93
-1 88 92
-1 88 91
-1 88 90
-1 88 89
1 88 87
1 90 89
1 91 90
1 92 91
1 93 92
1 96 95
1 84 83
1 85 84
1 86 85
1 87 86
-1 112 113
1 106 104
1 106 105
-1 106 108
-1 106 107
1 106 105
1 108 107
1 98 97
1 99 98
1 102 101
1 105 104
1 90 83
1 90 84
1 90 85
1 90 86
1 90 87
1 90 88
1 90 89
-1 90 93
-1 90 92
-1 90 91
1 90 89
1 92 91
1 93 92
1 96 95
1 84 83
1 85 84
1 86 85
1 87 86
1 88 87
1 89 88
1 113 112
1 113 112
1 108 104
1 108 105
1 108 106
1 108 107
1 108 107
1 98 97
1 99 98
1 102 101
1 105 104
1 106 105
1 107 106
1 92 83
1 92 84
1 92 85
1 92 86
1 92 87
1 92 88
1 92 89
1 92 90
1 92 91
-1 92 93
1 92 91
1 96 95
1 84 83
1 85 84
1 86 85
1 87 86
1 88 87
1 89 88
1 90 89
1 91 90
-1 97 99
-1 97 98
1 113 112
1 99 98
1 102 101
1 105 104
1 106 105
1 107 106
1 108 107
1 96 95
1 84 83
1 85 84
1 86 85
1 87 86
1 88 87
1 89 88
1 90 89
1 91 90
1 92 91
1 93 92
1 99 97
1 99 98
1 99 98
1 113 112
1 102 101
1 105 104
1 106 105
1 107 106
1 108 107
1 96 95
1 98 97
1 84 83
1 85 84
1 86 85
1 87 86
1 88 87
1 89 88
1 90 89
1 91 90
1 92 91
1 93 92
1 118 117
1 118 117
1 113 112
1 102 101
1 105 104
1 106 105
1 107 106
1 108 107
1 96 95
1 98 97
1 99 98
1 85 84
1 86 85
1 87 86
1 88 87
1 89 88
1 90 89
1 91 90
1 92 91
1 93 92
1 119 117
1 119 118
1 119 118
-1 117 118
1 102 101
1 102 101
1 113 112
1 105 104
1 106 105
1 107 106
1 108 107
1 96 95
1 96 95
1 98 97
1 99 98
1 87 86
1 88 87
1 89 88
1 90 89
1 91 90
1 92 91
1 93 92
-1 117 120
1 120 118
1 120 119
1 120 119
-1 117 118
-1 117 119
-1 118 119
1 113 112
1 105 104
1 106 105
1 107 106
1 108 107
1 98 97
1 99 98
1 102 101
1 89 88
1 90 89
1 91 90
1 92 91
1 93 92
1 96 95
-1 118 121
1 118 117
-1 118 120
-1 118 119
1 118 117
-1 119 121
1 121 120
1 121 120
-1 119 120
1 113 112
1 105 104
1 106 105
1 107 106
1 108 107
1 98 97
1 99 98
1 102 101
1 91 90
1 92 91
1 93 92
1 96 95
-1 119 122
1 119 117
1 119 118
-1 119 121
-1 119 120
1 119 118
-1 120 122
1 122 121
1 122 121
-1 120 121
1 105 104
-1 105 108
-1 105 107
-1 105 106
1 105 104
1 113 112
1 118 117
1 107 106
1 108 107
1 98 97
1 99 98
1 102 101
1 93 92
1 96 95
-1 121 123
1 121 117
1 121 118
1 121 119
1 121 120
-1 121 122
1 121 120
-1 122 123
1 123 122
1 107 104
1 107 105
1 107 106
-1 107 108
1 107 106
1 113 112
1 118 117
1 119 118
1 120 119
1 98 97
1 99 98
1 102 101
1 105 104
1 106 105
1 96 95
1 122 117
1 122 118
1 122 119
1 122 120
1 122 121
-1 122 123
1 122 121
1 108 104
1 108 105
1 108 106
1 108 107
1 108 107
1 113 112
1 118 117
1 119 118
1 120 119
1 121 120
-1 97 99
-1 97 98
1 99 98
1 102 101
1 105 104
1 106 105
1 107 106
1 96 95
1 125 124
1 125 124
1 113 112
1 113 112
1 118 117
1 119 118
1 120 119
1 121 120
1 122 121
1 123 122
1 99 97
1 99 98
1 99 98
1 102 101
1 105 104
1 106 105
1 107 106
1 108 107
1 96 95
1 98 97
1 125 124
1 118 117
1 119 118
1 120 119
1 121 120
1 122 121
1 123 122
1 113 112
1 102 101
1 105 104
1 106 105
1 107 106
1 108 107
1 98 97
1 99 98
1 125 124
1 118 117
1 119 118
1 120 119
1 121 120
1 122 121
1 123 122
1 113 112
1 102 101
1 102 101
1 105 104
1 106 105
1 107 106
1 108 107
1 98 97
1 99 98
-1 124 125
1 118 117
1 119 118
1 120 119
1 121 120
1 122 121
1 123 122
1 113 112
1 105 104
1 106 105
1 107 106
1 108 107
1 98 97
1 99 98
1 102 101
1 129 128
1 129 128
1 118 117
1 119 118
1 120 119
1 121 120
1 122 121
1 123 122
1 125 124
1 113 112
1 105 104
1 106 105
1 107 106
1 108 107
1 98 97
1 99 98
1 102 101
1 129 128
-1 117 123
-1 117 122
-1 117 121
-1 117 120
-1 117 119
-1 117 118
1 119 118
1 120 119
1 121 120
1 122 121
1 123 122
1 125 124
1 113 112
1 105 104
-1 105 108
-1 105 107
-1 105 106
1 105 104
1 107 106
1 108 107
1 98 97
1 99 98
1 102 101
1 131 130
1 131 130
1 129 128
1 119 117
1 119 118
-1 119 123
-1 119 122
-1 119 121
-1 119 120
1 119 118
1 121 120
1 122 121
1 123 122
1 125 124
1 113 112
1 118 117
1 107 104
1 107 105
1 107 106
-1 107 108
1 107 106
1 99 98
1 102 101
1 105 104
1 106 105
-1 128 129
1 132 130
1 132 131
1 132 131
1 131 130
1 120 117
1 120 118
1 120 119
-1 120 123
-1 120 122
-1 120 121
1 120 119
1 122 121
1 123 122
1 125 124
1 113 112
1 118 117
1 119 118
1 102 101
1 105 104
1 106 105
1 107 106
1 108 107
1 131 130
1 132 131
1 113 112
1 113 112
1 122 117
1 122 118
1 122 119
1 122 120
1 122 121
-1 122 123
1 122 121
1 125 124
1 129 128
1 118 117
1 119 118
1 120 119
1 121 120
1 102 101
1 105 104
1 106 105
1 107 106
1 108 107
1 131 130
1 132 131
1 125 124
1 129 128
1 118 117
1 119 118
1 120 119
1 121 120
1 122 121
1 123 122
1 113 112
1 105 104
1 106 105
1 107 106
1 108 107
-1 130 132
-1 130 131
1 132 131
1 125 124
1 129 128
1 118 117
1 119 118
1 120 119
1 121 120
1 122 121
1 123 122
1 113 112
1 105 104
1 106 105
1 107 106
1 108 107
1 131 130
-1 131 132
1 131 130
1 125 124
1 129 128
1 118 117
1 119 118
1 120 119
1 121 120
1 122 121
1 123 122
1 113 112
1 106 105
1 107 106
1 108 107
1 137 136
1 137 136
1 125 124
1 125 124
1 129 128
1 131 130
1 132 131
1 118 117
1 119 118
1 120 119
1 121 120
1 122 121
1 123 122
1 113 112
1 108 107
1 138 136
1 138 137
1 138 137
1 137 136
1 118 117
-1 118 123
-1 118 122
-1 118 121
-1 118 120
-1 118 119
1 118 117
1 129 128
1 131 130
1 132 131
1 120 119
1 121 120
1 122 121
1 123 122
1 125 124
1 113 112
1 137 136
1 138 137
1 120 117
1 120 118
1 120 119
-1 120 123
-1 120 122
-1 120 121
1 120 119
1 129 128
1 131 130
1 132 131
1 122 121
1 123 122
1 125 124
1 113 112
1 118 117
1 119 118
1 140 139
1 140 139
1 137 136
1 138 137
1 121 117
1 121 118
1 121 119
1 121 120
-1 121 123
-1 121 122
1 121 120
1 129 128
1 131 130
1 132 131
1 123 122
1 125 124
1 113 112
1 113 112
1 118 117
1 119 118
1 120 119
1 137 136
1 138 137
1 140 139
1 123 117
1 123 118
1 123 119
1 123 120
1 123 121
1 123 122
1 123 122
1 129 128
1 129 128
1 131 130
1 132 131
1 125 124
1 118 117
1 119 118
1 120 119
1 121 120
1 122 121
1 113 112
-1 136 138
-1 136 137
1 138 137
1 140 139
1 131 130
1 132 131
1 125 124
1 129 128
1 118 117
1 119 118
1 120 119
1 121 120
1 122 121
1 123 122
1 113 112
1 138 136
1 138 137
1 138 137
1 140 139
-1 130 132
-1 130 131
1 132 131
1 137 136
1 125 124
1 129 128
1 118 117
1 119 118
1 120 119
1 121 120
1 122 121
1 123 122
1 113 112
1 144 143
1 144 143
1 140 139
-1 124 125
1 131 130
-1 131 132
1 131 130
1 137 136
1 138 137
1 129 128
1 118 117
1 119 118
1 120 119
1 121 120
1 122 121
1 123 122
1 113 112
-1 139 140
1 144 143
1 137 136
1 138 137
1 129 128
1 131 130
1 132 131
1 118 117
-1 118 123
-1 118 122
-1 118 121
-1 118 120
-1 118 119
1 118 117
1 120 119
1 121 120
1 122 121
1 123 122
1 125 124
1 113 112
1 140 139
1 140 139
1 144 143
1 137 136
1 138 137
1 129 128
1 131 130
1 132 131
1 120 117
1 120 118
1 120 119
-1 120 123
-1 120 122
-1 120 121
1 120 119
1 122 121
1 123 122
1 125 124
1 118 117
1 119 118
1 144 143
-1 128 129
1 137 136
1 138 137
1 140 139
1 131 130
1 132 131
1 122 117
1 122 118
1 122 119
1 122 120
1 122 121
-1 122 123
1 122 121
1 125 124
1 118 117
1 119 118
1 120 119
1 121 120
1 144 143
1 129 128
1 129 128
1 137 136
1 138 137
1 140 139
1 131 130
1 132 131
1 125 124
1 118 117
1 119 118
1 120 119
1 121 120
1 122 121
1 123 122
1 144 143
1 144 143
1 137 136
1 138 137
1 140 139
1 131 130
1 132 131
1 125 124
1 129 128
1 118 117
1 119 118
1 120 119
1 121 120
1 122 121
1 123 122
-1 130 132
-1 130 131
1 137 136
-1 137 138
1 137 136
1 140 139
1 144 143
1 132 131
-1 124 125
1 129 128
1 119 118
1 120 119
1 121 120
1 122 121
1 123 122
1 151 150
1 151 150
1 132 130
1 132 131
1 132 131
1 140 139
1 144 143
1 137 136
1 138 137
1 129 128
1 131 130
1 121 120
1 122 121
1 123 122
1 125 124
1 152 150
1 152 151
1 152 151
1 151 150
1 140 139
1 144 143
1 137 136
1 138 137
1 129 128
1 131 130
1 132 131
1 123 122
1 125 124
1 153 150
1 153 151
1 153 152
1 153 152
1 151 150
1 152 151
1 140 139
1 140 139
1 144 143
1 137 136
1 138 137
1 129 128
1 131 130
1 132 131
1 125 124
1 151 150
1 152 151
1 153 152
1 144 143
1 137 136
1 138 137
1 140 139
1 129 128
1 129 128
1 131 130
1 132 131
1 125 124
1 151 150
1 152 151
1 153 152
1 144 143
1 137 136
1 138 137
1 140 139
1 131 130
1 132 131
1 125 124
1 129 128
1 156 155
1 156 155
1 151 150
1 152 151
1 153 152
-1 136 138
-1 136 137
-1 143 144
1 138 137
1 140 139
-1 130 132
-1 130 131
1 132 131
1 129 128
1 151 150
1 152 151
1 153 152
1 156 155
1 138 136
1 138 137
1 138 137
1 140 139
1 144 143
1 132 130
1 132 131
1 132 131
1 137 136
1 129 128
1 131 130
-1 150 153
-1 150 152
-1 150 151
1 152 151
1 153 152
1 156 155
1 140 139
1 144 143
1 137 136
1 138 137
1 129 128
1 131 130
1 132 131
1 152 150
1 152 151
-1 152 153
1 152 151
1 156 155
1 140 139
1 140 139
1 151 150
1 144 143
1 137 136
1 138 137
1 131 130
1 132 131
1 153 150
1 153 151
1 153 152
1 153 152
1 156 155
1 151 150
1 152 151
1 144 143
1 137 136
1 138 137
1 140 139
1 131 130
1 132 131
1 156 155
1 151 150
1 152 151
1 153 152
1 144 143
1 137 136
1 138 137
1 140 139
1 132 131
1 162 161
1 162 161
1 156 155
1 144 143
1 144 143
1 151 150
1 152 151
1 153 152
1 137 136
-1 137 138
1 137 136
1 140 139
-1 155 156
1 162 161
1 151 150
1 152 151
1 153 152
1 140 139
1 144 143
1 137 136
1 138 137
1 156 155
1 156 155
1 162 161
1 151 150
1 152 151
1 153 152
-1 139 140
1 144 143
1 137 136
1 138 137
1 162 161
1 151 150
-1 151 153
-1 151 152
1 151 150
1 153 152
1 156 155
1 144 143
1 137 136
1 138 137
1 140 139
1 162 161
1 153 150
1 153 151
1 153 152
1 153 152
1 156 155
1 151 150
1 152 151
1 144 143
1 138 137
1 140 139
1 167 166
1 167 166
1 162 161
1 156 155
1 151 150
1 152 151
1 153 152
1 144 143
1 144 143
1 140 139
1 162 161
1 167 166
1 156 155
1 151 150
1 152 151
1 153 152
1 140 139
1 144 143
1 162 161
1 167 166
-1 155 156
1 151 150
1 152 151
1 153 152
1 144 143
-1 161 162
1 167 166
1 151 150
-1 151 153
-1 151 152
1 151 150
1 153 152
1 156 155
1 144 143
1 167 166
1 153 150
1 153 151
1 153 152
1 153 152
1 156 155
1 162 161
1 151 150
1 152 151
1 167 166
1 156 155
1 162 161
1 151 150
1 152 151
1 153 152
1 167 166
1 156 155
1 162 161
1 151 150
1 152 151
1 153 152
1 167 166
-1 155 156
1 162 161
1 151 150
1 152 151
1 153 152
1 167 166
1 162 161
1 151 150
1 152 151
1 153 152
1 156 155
1 167 166
1 162 161
1 151 150
1 152 151
1 153 152
1 156 155
1 167 166
1 167 166
1 162 161
1 151 150
1 152 151
1 153 152
1 156 155
1 162 161
1 167 166
1 152 151
1 153 152
1 156 155
1 179 178
1 179 178
1 162 161
1 167 166
1 156 155
1 179 178
-1 161 162
1 167 166
1 156 155
1 179 178
1 167 166
1 156 155
1 162 161
1 179 178
1 167 166
1 162 161
1 179 178
1 167 166
1 162 161
1 179 178
1 167 166
1 162 161
1 179 178
1 167 166
1 162 161
1 179 178
1 167 166
1 167 166
1 162 161
1 179 178
1 167 166
-1 178 179
1 167 166
1 179 178
1 167 166
1 179 178
1 167 166
1 179 178
1 167 166
1 179 178
1 179 178
1 179 178
-1 178 179
1 179 178
1 179 178
1 179 178
1 179 178
1 179 178
1 179 178
11264 *0:4277 6987 2924 1368 674 335 *115:167 168 *3:84 84 *68:42 42 *34:21 21 10 *188:5 *206:5 *38:11 *1:339 694 *101:340 354 *10:174 180 *18:90 *117:90 1556 746 364 *4:182 182 90 44 22 *52:11 *57:11 22 *58:11 *118:11 *67:46 *5:92 382 188 92 *128:46 46 *42:23 23 11 *208:5 *41:6 *119:12 96 *45:48 48 *122:24 24 *134:12 *197:12 194 96 48 24 12 *93:6 *113:6 12 *124:6 *165:6 24 12 *184:6 *196:6 12 *233:6 6 *39:3 *59:3 48 24 12 6 *60:3 *74:3 6 *130:3 *144:3 12 6 *147:3 *149:3 6 *161:3 *170:3 24 12 6 *172:3 *173:3 6 *174:3 *179:3 12 6 *183:3 *187:3 6 *209:3 *213:3 98 *22:49 *100:49 810 396 *105:196 200 *23:100 100 50 *70:25 *72:25 50 *104:25 25 12 6 *216:3 *224:3 6 *235:3 *239:3 *50:13 414 *17:204 210 *8:105 105 52 *13:26 *49:26 53 26 *107:13 *120:13 *11:27 4063 1833 883 438 217 108 *48:54 54 *28:27 *56:27 109 54 *86:27 *88:27 *65:55 *2:221 445 221 110 *103:55 55 27 13 6 *243:3 *249:3 *26:7 *35:14 *73:28 *19:111 *114:224 950 458 *116:226 232 113 56 28 *218:14 14 *37:7 *87:7 28 14 *89:7 *90:7 14 *106:7 *185:7 *83:57 119 59 29 14 *205:7 7 3 *253:1 *75:2 *27:4 *29:15 *125:30 *123:60 492 245 *97:122 123 61 30 *30:15 *36:15 *82:31 *99:62 *111:247 2230 1040 508 252 125 62 *102:31 31 *139:15 *24:16 *12:63 *32:127 256 128 *254:64 64 *66:32 32 *62:16 *79:16 128 64 32 *168:16 16 *53:8 *85:8 32 16 *129:8 *169:8 16 *255:8 8 *133:4 *138:4 64 32 16 8 *140:4 *142:4 8 *152:4 *155:4 16 8 *157:4 *176:4 8 *177:4 *180:4 32 16 8 *189:4 *193:4 8 *212:4 *223:4 16 8 *237:4 *244:4 8 4 *94:2 *143:2 4 *150:2 *151:2 532 262 130 64 32 16 8 4 *154:2 *156:2 4 *160:2 *163:2 8 4 *164:2 *167:2 4 *190:2 *192:2 16 8 4 *194:2 *195:2 4 *201:2 *202:2 8 4 *207:2 *210:2 4 *217:2 *225:2 32 16 8 4 *229:2 *230:2 4 *231:2 *240:2 8 4 *246:2 *248:2 4 *252:2 2 *47:1 *126:1 16 8 4 2 *127:1 *131:1 2 *132:1 *136:1 4 2 *146:1 *148:1 2 *171:1 *175:1 8 4 2 *182:1 *186:1 2 *191:1 *200:1 4 2 *203:1 *211:1 2 *221:1 *222:1 *40:66 132 *46:66 66 *14:33 *31:33 270 *6:135 135 *98:67 68 *43:34 *95:34 1190 568 276 *108:138 138 68 34 *64:17 *77:17 34 *153:17 17 8 4 2 *226:1 *227:1 2 *234:1 *236:1 4 2 *242:1 *247:1 2 *250:1 *251:1 *51:9 *20:70 292 *110:146 146 *121:73 73 36 *69:18 18 *54:9 *55:9 *16:37 622 300 149 *7:74 *112:75 151 75 37 18 *61:9 *92:9 *25:19 *199:38 76 38 *63:19 *71:19 38 *78:19 *137:19 322 159 79 *15:39 *21:40 80 *84:40 40 *9:20 *76:20 163 80 40 *80:20 20 *33:10 *44:10 40 20 *81:10 *96:10 20 *145:10 10 *91:5 *162:5 *109:83 